#Nb of jobs, Nb of Machines
        13        13
Times
 19 45 65 24 30 30 49 32 78 31  3 25  9
 84 61 35 44 37 16 97 85 51 26 13 76 41
 85 55  2 65 52 97 81  8 22 59 95 52 85
 64 94  4 13 98 26 32 20 97 28 63  2 23
 56 98 56 28  1 96 27 38 41 94 77 63 63
 63 98 64 37 89 96 88 13 72 28 57 99 11
 47 42 61 17 65  5 96 47  9 20 10 11 86
 66 91  8 37 99 90 16 89 17 98 87  8 40
 99  2 22 12 13 62 30 44 25 56 10 44 25
 35 62 52 84 30  2 50 69 64 54 45 38 90
 73 40 16 21 50 10 46  2 48 16 58 37 12
 76 40 21 91 48  6 91 75 79 51 51 81 70
 49  5 59 40 74 70 84 47 25 86 75 26 51
Machines
  7 12  9 10  8  5  1 11  3  5  6  7  4
  3  6  1 11  5  2  7 12  4  2  7  9 10
  4  3  7 10  6  7  1  0  8 11  8  2  5
  4  9  7  2  2  1 10  6  8  3  2  8  5
  4  9  6 12  1  2  5  0  7  6 10  1  8
 12  3  1  7  5  2  6  0 10  8  4  9  2
  4  4  5 12  9  2  6  1  2  7 11 10  3
  7  4 10  9  3  2  6  8  6  1  1  5 12
  7  1  5  2  9  4  1 12 11  2 10  8  6
  1  7  5  4  9  3 12  2 10  6  3  6 11
  3 10  6  9  4  0  5  2 12  8  2 11  9
  9  1  8 10 12  4  6  5  3  4  6  7  1
  9  4  6 12  2  1  8  4  2  3 10 11  2 