#Nb of jobs, Nb of Machines		
        10        10		
Times		
 85 55  2 65 52 97 81  8 22 59		
 26 32 20 97 28 63  2 23 14 62		
 56 98 56 28  1 96 27 38 41 94		
 96 88 13 72 28 57 99 11  8 96		
 17 71 80 33 87 82 44 14 85  2		
 47 42 61 17 65  5 96 47  9 20		
 66 91  8 37 99 90 16 89 17 98		
 99  2 22 12 13 62 30 44 25 56		
  2 50 69 64 54 45 38 90 70 37		
 10 46  2 48 16 58 37 12 30 82		
Machines		
 2 3 4 7 3 0 7 5 2 9		
 1 4 8 6 2 6 0 9 3 6		
 1 3 8 0 6 8 8 3 1 3 		
 1 3 5 7 8 9 0 5 6 8		
 2 5 6 7 8 9 0 0 8 7 		
 2 4 6 1 2 4 6 3 6 8		
 7 6 4 0 8 6 5 4 3 6		
 0 9 8 7 6 5 4 4 3 2		
 1 3 5 7 9 9 4 0 3 2		
 2 3 7 6 9 0 2 4 7 1